12245	64133	441.0282521
12246	12242	846.2397796
12247	12245	398.4493332
12247	12246	76.37137243
12248	12247	461.154899
12248	12313	396.8349964
12249	12246	549.3475814
12250	12248	67.57076578
12250	12314	396.2901624
12256	12249	314.8257478
12256	64135	414.7645523
12257	12256	249.3432545
12257	12258	361.3360755
12258	12249	273.5236828
12259	12258	269.1480743
12260	12257	291.3793584
12260	12259	413.9131756
12286	12341	136.8376846
12287	12286	153.4720705
12288	12287	212.056143
12289	12260	1028.33918
12289	12288	89.75786856
12291	12288	298.4279653
12291	12346	267.879353
12292	12289	286.3273152
12292	12291	99.23630246
12293	63586	90.76392004
12313	12245	459.1800942
12314	12313	67.34347307
12316	12314	615.2377646
12317	12250	610.9971631
12317	12316	394.4659566
12318	12319	87.13116208
12319	12316	480.5336005
12320	12317	417.4346681
12320	12321	126.6727611
12321	12318	190.5667736
12322	70789	74.48227166
12323	12327	92.45738567
12323	63250	194.2883069
12324	12319	340.4357142
12325	12324	143.1087881
12325	63251	152.0403427
12327	12325	108.8995142
12328	12323	93.10614521
12328	12327	143.2872921
12329	63781	182.0541235
12331	12328	115.7855321
12331	12349	82.8385028
12332	12351	224.4558642
12341	12259	1024.736909
12341	12322	376.327115
12342	12323	542.6338721
12342	70788	329.0884858
12343	12342	81.03817658
12343	12344	257.3843992
12344	12342	243.9011761
12345	12286	391.957894
12345	12344	312.332002
12346	12287	398.3590923
12346	12345	153.5842396
12347	12346	43.03713969
12347	12348	187.1165295
12348	12345	104.5628115
12348	64941	327.6640899
12349	12343	503.2373339
12350	12331	200.5348246
12351	12350	100.1786364
12352	68739	125.6208602
12353	12351	158.1211026
12353	12352	106.9306875
12354	12332	182.1215938
12354	12353	215.2697661
12355	12356	110.6068427
12356	68726	482.7362434
12359	69719	58.92618995
12360	12355	416.9102946
12360	12359	79.20603689
12364	84119	39.35723539
12364	95077	29.50124596
12374	15147	345.3330888
12377	12376	244.7099848
12377	12380	262.7779435
12380	12378	121.5820505
12380	12383	259.415943
12383	12381	121.3662424
12383	12399	280.4446805
12384	63944	369.1914455
12384	84118	19.94993666
12385	84099	34.47080626
12385	95139	37.24332794
12385	95340	26.02195647
12385	95342	25.42712314
12385	95598	23.07328883
12386	12387	187.8969982
12387	12388	258.0135175
12387	95470	50.10555113
12388	12391	153.6169477
12388	95469	51.1943098
12389	12383	122.3387612
12390	15150	496.2094689
12390	95586	220.9511196
12391	63928	116.2560099
12395	69755	41.73224476
12396	69755	36.28822073
12397	12398	198.4107285
12398	12394	241.7366013
12398	12400	249.5553964
12399	12398	244.3789571
12400	12395	282.4863664
12400	12401	114.5579694
12401	12396	306.1194499
12401	12402	292.9204595
12402	12409	364.8296353
12402	12412	566.287951
12403	12400	268.5849612
12403	12406	120.0811918
12404	95572	30.04432764
12404	102599	17.08357406
12405	15177	281.900078
12405	78314	26.50527643
12406	12401	248.0568344
12412	104278	123.924322
12419	12421	323.2525034
12420	19964	335.1111264
12421	12417	215.7635972
12421	12422	137.36197
12422	12420	248.8586961
12422	12423	191.7107158
12423	19967	119.2121383
14339	12293	119.4785434
14339	63587	97.68829291
14340	12293	124.0269623
14340	15095	82.30724394
15095	64978	37.70348797
15096	14340	123.2696316
15096	15095	102.6930171
15104	64121	159.179744
15104	69118	154.1907245
15104	99733	89.51837516
15106	15104	478.114246
15106	69091	177.9662995
15107	15106	65.77564497
15107	15110	97.92775825
15107	63544	592.0948701
15110	15106	51.55622936
15110	63287	403.3868994
15111	15110	96.70169456
15119	95198	289.0000097
15122	88697	312.2679259
15123	15128	127.7262434
15126	78788	126.7097011
15127	88434	122.215892
15128	15127	125.2588572
15132	15133	352.7841493
15133	15134	163.609887
15133	15141	397.4827959
15134	15136	310.6613853
15134	15137	354.4510382
15135	15132	47.44801444
15136	66080	94.0257254
15136	66083	107.8457285
15136	68717	225.3872041
15137	15141	180.5356588
15137	15145	421.3593716
15138	15137	167.239882
15138	15169	187.4808411
15138	15219	446.8359164
15139	15140	94.32293444
15139	15143	152.0657492
15140	15128	221.6715165
15140	15135	261.3916482
15140	15143	184.348791
15141	15139	161.9051656
15141	15142	124.8637533
15142	15143	175.8191342
15142	15146	283.6827931
15143	15144	243.7483794
15144	15209	439.1863091
15144	15222	340.6746021
15145	15146	48.10723631
15146	15144	179.5111049
15146	15221	279.0882952
15147	15148	76.25368082
15147	84100	27.14137258
15148	12390	117.4094987
15148	15155	493.5360336
15149	94690	62.12976919
15150	15151	72.55633864
15151	95583	223.9230857
15152	95714	89.47033312
15152	95935	26.33556221
15152	106392	77.31845579
15153	15148	84.82769765
15153	15160	494.7776292
15154	94690	59.75738194
15155	15162	76.8057197
15159	15181	311.5364686
15159	95696	241.8729971
15160	15161	52.62717661
15161	15164	69.34344047
15162	15165	172.0378732
15162	95711	421.7564694
15164	15168	216.0588672
15165	15166	160.9694158
15165	15168	154.9327486
15166	15184	328.2748074
15167	15171	241.1192627
15168	66001	62.90647636
15169	15170	174.5911912
15170	15171	309.2847576
15170	15174	193.420425
15171	15161	325.0787991
15171	15175	386.6512288
15172	15187	254.3233641
15174	15173	121.548044
15174	15234	299.9453274
15175	15172	276.9035405
15175	15193	293.87629
15176	15174	601.9099153
15176	66026	168.9860808
15177	15179	362.515926
15179	95914	108.1507286
15180	15195	224.2875291
15180	78471	48.55789606
15180	95932	146.8155203
15181	15182	323.8619578
15181	95697	242.5198776
15182	15183	159.8500607
15182	95699	250.3600831
15183	15185	211.9708628
15183	95947	246.3328774
15184	15181	238.1398745
15184	15186	292.8553972
15185	15197	166.9258549
15185	95951	266.0237329
15186	15182	253.299392
15186	15188	159.592444
15187	15184	188.9724474
15187	67581	438.277905
15188	15183	257.6820383
15188	15189	79.45740275
15189	15190	136.4329666
15190	15191	164.543797
15192	15189	269.6149397
15192	69762	34.93863689
15193	15187	304.3162074
15193	15249	129.8982748
15194	15190	290.6786823
15194	15250	156.7268938
15195	15196	184.3434733
15196	78470	84.3491672
15196	95964	210.7194457
15198	12423	367.7518581
15198	19967	343.7709903
15199	15200	296.2366297
15199	78671	53.38491855
15199	95362	311.7795408
15200	96008	226.9079287
15202	19990	157.4641948
15202	78335	191.6868893
15202	78336	50.10500624
15203	15205	283.9098438
15203	77911	333.9146792
15205	77912	338.288156
15206	78611	317.1091678
15209	15226	336.5317701
15211	15217	275.5901708
15212	15218	279.0766078
15217	88667	55.48258161
15218	88439	141.3573929
15218	88666	57.09935923
15218	88669	57.28136587
15219	15145	160.6573896
15220	15219	83.63458936
15221	15222	176.0316637
15221	15223	57.36576025
15222	15228	479.1787114
15223	15227	390.8946313
15224	15223	135.5903163
15224	15225	231.9857751
15225	15239	122.5388315
15226	71862	197.4450069
15227	15228	208.9242429
15227	15242	195.8623772
15228	15229	72.5507656
15228	15230	185.6269014
15229	15231	193.8743767
15229	15248	248.9207345
15230	15232	242.222433
15231	15301	238.2909858
15231	15304	249.6563041
15232	15301	75.39315721
15232	88186	45.43942164
15233	15173	285.8479653
15233	15220	172.0686554
15234	15233	83.67569649
15234	66024	36.98886168
15235	15176	213.9306515
15235	66023	180.0248716
15236	15235	336.7711858
15236	15241	421.9531327
15236	66273	28.63586618
15237	15220	396.0346993
15237	15225	106.4555448
15238	15237	169.414889
15238	15243	271.3455835
15238	66022	66.9262385
15239	15227	121.1088126
15239	15238	150.8753619
15240	15235	407.0085472
15240	15241	234.8735768
15241	15245	246.3005877
15241	15246	233.3361595
15242	15314	328.8441237
15243	15314	287.6223275
15243	66005	125.5321323
15244	15240	240.0641474
15244	15243	85.51576585
15245	15247	176.9303714
15245	15316	538.5345924
15246	15244	184.8538455
15246	15315	293.6604154
15247	15263	173.9327213
15248	15318	275.8464448
15249	15251	153.5707803
15249	15252	236.3449281
15250	15191	308.1622066
15250	15266	276.3107571
15251	15176	388.31615
15251	15236	214.5599005
15252	15256	365.943473
15252	67584	34.69341839
15253	15254	87.21278752
15253	69762	346.3618526
15254	15194	354.0883391
15254	15255	154.8520642
15255	15250	368.940147
15255	15257	282.8893199
15256	15245	430.6939203
15256	15258	185.6021784
15257	15261	304.9849088
15257	15266	400.8434307
15257	15271	226.5793753
15258	15254	375.3835673
15258	15260	220.7617086
15259	15255	284.4636102
15259	15261	245.3204758
15260	15259	95.26408445
15260	15262	205.5846785
15261	15262	111.3868826
15262	15264	220.4872754
15262	15337	460.4636659
15263	15260	446.123426
15263	15337	118.351018
15264	15338	233.203498
15264	15355	313.2934323
15265	15203	280.799448
15265	15280	267.1607472
15266	15267	265.3339303
15267	15268	210.1090291
15268	15269	211.5936448
15269	15265	496.7436648
15269	15270	275.5139237
15270	15280	429.8610018
15270	15284	224.9379393
15271	15264	426.0433474
15271	15272	36.44358321
15272	15267	428.889711
15272	15273	206.9345188
15273	15268	454.8985731
15273	15274	227.7574221
15274	15269	497.2459794
15274	15354	256.3075799
15274	66084	68.88904126
15274	99960	61.99327873
15276	15205	200.1843376
15276	15277	238.1310715
15277	15278	229.3713219
15278	15206	205.8624708
15278	15279	257.7277861
15279	19997	232.5308965
15279	20044	261.9749668
15280	15276	230.0837794
15280	15281	224.1533883
15281	15277	313.6238533
15281	15282	229.2949494
15282	15278	388.8406754
15282	15283	239.6432798
15283	15279	460.6286196
15283	15285	242.512338
15284	15281	421.1133469
15284	15286	229.0396711
15285	20044	557.5196807
15285	20049	243.4733904
15285	20056	213.6190474
15286	15282	418.1146283
15286	15287	240.4106613
15287	15283	416.7918726
15287	15371	240.2348961
15301	15305	254.3003165
15303	15310	588.7185165
15303	88189	12.18762104
15304	15248	189.1692738
15304	15320	290.6210698
15305	15304	260.5514223
15305	69765	273.4304861
15309	15328	253.0732555
15310	108050	85.27290967
15314	15315	39.8070688
15315	15316	229.7463635
15315	15318	203.3196281
15316	15319	148.0605188
15316	15321	245.913234
15317	15263	289.8463189
15317	15322	260.5459436
15317	15341	292.0400767
15318	15320	188.8993752
15318	15321	236.665849
15319	15247	547.8831881
15319	15322	159.6702966
15320	15309	278.7742501
15320	15324	259.2374162
15320	69765	273.1673639
15321	15325	279.9649545
15322	15323	130.3348972
15322	15325	298.9059589
15323	15326	306.3960414
15323	15327	161.9173725
15324	63191	78.11462759
15325	15326	124.6788766
15325	15329	188.236997
15326	15331	192.8249562
15326	15332	258.2413954
15327	15330	145.8736875
15327	15341	341.8938362
15328	64157	80.59252065
15329	15331	116.0573411
15329	15334	296.0232762
15330	15332	236.0296975
15330	15428	357.1157977
15331	15335	296.3500174
15331	15336	232.9526822
15332	15336	203.7265353
15332	15429	337.7147152
15334	15335	112.2627507
15335	15407	206.1202113
15336	15407	294.2611674
15337	15317	314.720692
15337	15339	167.9361594
15338	15340	202.9226507
15338	15342	353.5674837
15339	15340	162.1690422
15340	15343	270.957333
15340	15344	391.5278148
15341	15339	284.6677116
15341	15343	159.1494476
15342	15355	229.9641616
15343	15345	183.8996649
15343	15346	215.6983268
15344	15342	206.1134531
15344	15347	160.9672987
15345	15330	240.4020224
15345	15352	386.8686449
15346	15348	72.96742527
15346	15349	207.8205621
15347	15351	315.8770677
15347	15363	222.9927182
15348	15350	215.1550659
15349	15344	306.6650416
15349	15351	157.7015992
15350	15349	93.68302594
15351	15353	123.6616179
15352	66097	159.4520746
15353	15445	243.2478603
15354	15270	509.7069559
15354	15357	230.0822144
15355	15273	438.6069482
15355	15358	165.8455366
15356	15358	134.4589119
15356	15359	374.0608727
15357	15284	513.2865382
15357	15373	226.310749
15358	15347	431.09898
15358	15361	343.5250201
15359	15361	127.2877898
15360	15362	264.8046747
15360	78230	20.62545913
15361	15363	389.520288
15361	15364	237.3051182
15362	15365	54.10884991
15362	78231	23.03330994
15363	15353	343.265656
15364	15368	340.2607465
15365	87473	44.65326357
15365	106746	51.30895448
15366	78806	96.7206425
15367	15369	229.6929224
15368	15445	356.5837211
15369	15370	228.4347108
15369	87801	42.0925497
15369	101080	36.08670006
15370	15451	34.09443723
15370	101079	142.5890293
15371	15285	420.1323805
15371	15372	214.4691046
15372	20056	413.0636888
15372	20186	240.3282927
15373	15286	520.9635892
15373	15374	243.2904686
15374	15287	527.7653828
15374	15375	234.2408508
15375	15371	530.1133487
15375	15376	219.90135
15376	15372	535.0997841
15376	15377	241.5550238
15377	20188	376.8118561
15377	20194	227.0147577
15378	15375	483.9606445
15378	15475	221.1489869
15407	15415	253.2193647
15411	108493	247.8318608
15415	15419	288.5915133
15417	15419	217.8805868
15417	15435	354.6764317
15419	15439	393.591098
15425	15566	327.4127441
15425	88226	31.58046755
15428	15352	246.207943
15428	66290	238.6452682
15429	15428	159.8004731
15429	15431	297.4438246
15431	15432	170.85627
15431	15433	373.1825391
15432	15417	194.1970209
15432	15436	386.8417645
15433	15436	266.4215153
15433	15437	348.4484278
15435	15440	44.07356597
15436	15440	195.3394151
15436	15444	358.0758362
15437	15441	8.391151619
15437	15444	348.8912767
15437	105049	561.3346457
15439	15567	357.6422442
15440	15439	192.8261969
15440	15568	351.0812758
15441	15464	596.2142367
15441	78446	25.27919963
15442	87668	109.25238
15442	87669	28.74752636
15443	78713	25.9658748
15444	15568	192.0047278
15445	15452	157.2172089
15446	15447	175.3283953
15447	78666	67.06999694
15447	87490	61.99286879
15450	101069	72.73770575
15451	15476	70.69237776
15452	15458	167.4089772
15452	105058	172.0281094
15453	15446	61.94940208
15454	78259	14.50039565
15454	101067	13.31705711
15455	15463	82.65512072
15456	70574	24.20271875
15457	15459	21.92853211
15458	15453	83.34596921
15458	105060	22.4683818
15459	105054	12.34611761
15459	105062	82.07784448
15460	15461	114.3905385
15461	78624	22.02367816
15461	101063	16.00673412
15462	63241	233.0082076
15463	78281	177.3279455
15464	105052	79.24133047
15465	15466	100.1540599
15465	78672	135.9098179
15466	15467	113.7515844
15467	15469	82.00724633
15467	15470	58.73184313
15467	78256	78.47436957
15469	87658	320.1041092
15470	15473	241.9343461
15470	15474	630.3149079
15471	15470	189.9551339
15473	15589	200.3254352
15474	15588	342.1232395
15475	66521	21.68666463
15476	15378	244.3508034
15476	15478	224.9590646
15477	15377	459.7002805
15478	15475	254.4436577
15478	15481	181.2896456
15478	15482	192.1239487
15481	15483	45.15457668
15481	15488	188.6996216
15482	15477	226.6309174
15482	15484	211.7572475
15483	15482	65.79784943
15484	15487	322.8204812
15487	15490	297.3840737
15487	20349	125.8271477
15488	15489	123.8011008
15489	15490	212.394946
15490	15491	260.0140977
15490	20356	244.4735114
15491	15597	186.8482443
15492	68728	109.3628614
15565	15441	76.15486548
15566	88223	119.5385097
15566	88719	118.1651387
15567	15573	38.2303042
15568	15567	186.2917774
15569	87719	34.42670559
15571	84387	64.13869443
15572	84398	18.60396019
15572	88722	187.3608156
15573	71439	186.7697207
15573	71440	189.3956173
15573	71441	97.58250977
15573	71442	92.34771108
15588	15589	286.0968937
15589	15595	480.2620889
15595	15596	91.10886633
15596	15492	123.9766464
15597	15601	96.6974369
15598	15599	84.99375098
15598	15600	113.3209835
15599	15600	139.1569248
15600	20477	264.3470531
15601	15599	293.9819783
19964	19965	281.2648692
19965	19966	262.448711
19966	19985	269.8171792
19967	19964	339.5005647
19967	19981	81.48214959
19981	63349	77.08683434
19981	63350	77.07593751
19981	103682	57.56338876
19983	19987	259.9081574
19983	103683	39.9746005
19984	19986	259.8348825
19984	108679	199.0664434
19986	19988	261.6991482
19986	108678	198.8830101
19987	19989	261.8294452
19987	103684	39.95997678
19988	19985	299.6480289
19989	103685	40.13621661
19990	108875	137.9920824
19991	19992	267.75043
19991	78820	49.82727949
19992	19995	67.1544075
19992	78819	54.97400949
19994	78679	55.57520982
19995	20005	628.4993481
19997	77907	349.6396881
19998	19994	302.7310039
20005	20006	465.5456377
20006	20007	239.6051288
20006	95365	28.04813975
20007	20012	246.9333235
20012	20013	253.6793366
20013	20071	242.1197613
20013	78801	26.46101425
20014	96582	84.03818023
20014	96584	89.85105182
20018	19962	1791.854087
20044	19998	212.8562357
20044	20045	229.7159397
20045	20046	202.2428171
20046	20047	239.3556048
20047	20060	252.8435532
20048	20050	244.4600736
20048	66059	100.182337
20049	20045	525.2458085
20049	20051	268.0920447
20050	20047	289.4791902
20050	20064	257.8159099
20051	20052	126.1406061
20051	66059	294.4221025
20052	20048	160.3349968
20052	20053	122.5197656
20053	20054	120.3689043
20054	20050	154.975418
20054	20055	125.511326
20055	20066	137.6520233
20055	20185	433.6524484
20056	20049	123.4725638
20056	20057	242.6902807
20057	20051	237.6488366
20057	20184	227.1665283
20058	78081	283.5461414
20060	20061	238.3121034
20060	78303	529.8337408
20061	20062	243.8887792
20062	20058	227.2690271
20062	20063	235.4202805
20063	20077	260.9344035
20064	20060	299.6162806
20065	20063	213.1909929
20065	20081	262.6492317
20066	20064	142.7030514
20066	20067	142.7197639
20067	20068	98.2291752
20067	20187	545.4351235
20068	20061	445.4909921
20068	20069	241.0906888
20069	20062	447.1182358
20069	20070	241.657676
20070	20065	233.3756497
20070	20083	261.7700038
20071	20072	239.3147051
20071	94803	27.52717467
20072	20087	238.2259878
20073	20074	249.34993
20073	78089	296.11054
20074	20075	241.5006125
20074	78074	298.8966988
20075	20076	240.4445834
20075	78075	292.2263349
20076	20093	241.0268278
20076	78271	284.5964846
20077	20073	212.8610528
20077	20078	243.624014
20078	20074	221.2348381
20078	20079	243.7378089
20079	20075	222.8701295
20079	20080	238.6443089
20080	20076	225.6019372
20080	20098	240.6497456
20081	20077	205.9064877
20081	20082	241.8054484
20082	20078	198.9526058
20083	20081	233.3004113
20083	20084	236.7325109
20084	20082	230.9378903
20084	20219	242.9017669
20087	20088	328.7784362
20087	94800	23.72212482
20088	20089	206.2256855
20088	78800	25.27613929
20089	94336	34.77358506
20093	20094	321.6308366
20093	77967	282.5902615
20094	20099	265.9118561
20094	77968	275.963917
20095	94341	301.5857276
20098	20093	223.232488
20098	20099	177.0823142
20099	20100	48.22926008
20099	20104	299.3237361
20100	20095	271.9913151
20103	20100	255.9157094
20104	20098	242.2628481
20104	20221	247.3864517
20105	94506	102.0738032
20105	94507	22.30490472
20184	20053	337.0173414
20184	20185	228.4269636
20185	20187	258.9119734
20185	20191	415.661415
20186	20057	414.9606162
20186	20189	227.1131937
20187	20192	414.0458177
20187	20204	250.6830023
20187	65998	39.10835946
20188	20186	164.8947783
20188	20190	226.9904668
20189	20184	415.5785886
20189	20191	230.4785761
20190	20189	163.835564
20191	20192	255.0174704
20191	20195	556.9744392
20192	20193	251.1407703
20192	20345	567.3013016
20193	20204	412.243233
20193	20214	269.6197372
20193	20217	249.4396305
20194	20190	384.5443436
20194	20195	225.7082481
20195	15487	487.7701974
20195	20343	169.9504113
20198	20201	223.7817225
20198	20203	252.5832252
20199	20068	492.5976997
20199	20200	239.7575947
20200	20069	496.1910354
20200	20202	242.4169917
20201	20070	409.4763523
20202	20201	86.97239748
20202	20232	359.7722179
20203	20231	186.510264
20204	20205	91.77085226
20204	65999	86.89316513
20205	20199	140.7608334
20205	20207	156.0885731
20206	20202	74.76712333
20207	20209	105.3410147
20207	20214	310.9796945
20208	20206	127.8380661
20208	20211	263.2240565
20209	20200	242.738719
20209	20210	154.0083895
20210	20206	249.0966569
20210	20215	152.5802822
20211	20213	166.498348
20211	20241	246.0667199
20212	20208	131.5162217
20212	20216	135.751978
20213	20243	256.1181267
20214	20215	303.4589132
20214	20217	106.695903
20215	20216	288.3168546
20215	20360	262.9820559
20216	20213	144.7384503
20216	20247	308.2592874
20216	20361	417.1195013
20217	20347	378.0179926
20217	20360	259.1610956
20218	20070	218.9392448
20218	20198	92.92884312
20219	20079	429.8907219
20219	20220	240.6863878
20220	20080	433.2299352
20220	96595	30.71208384
20221	20222	67.29086409
20221	96596	39.95588538
20222	94508	59.41151754
20222	94509	65.33557865
20225	20084	249.4863356
20225	20218	346.8615539
20226	20235	459.3532175
20228	20084	334.6918969
20230	20225	156.8078148
20231	20234	116.1846154
20232	20234	140.3607984
20233	20230	82.28917557
20234	20237	233.3598071
20235	20233	256.7347071
20237	20238	44.20153564
20238	64537	505.3482601
20241	20234	196.0265154
20242	20238	151.962647
20243	20241	115.2805051
20243	20244	35.66738116
20244	20242	228.7844742
20245	20243	23.19000782
20245	20244	37.12623152
20247	20245	217.1397223
20343	20345	87.28331749
20344	20193	378.2503679
20344	20347	248.6945053
20345	20346	251.2562622
20345	20348	238.0954271
20346	20344	201.9853376
20346	20352	249.6623212
20347	20352	204.79186
20348	20350	175.8565536
20348	20353	240.3555077
20349	20343	479.9262074
20349	20353	127.632018
20351	20346	202.5662692
20351	20354	250.2632251
20352	20354	217.5482062
20352	20365	260.2587801
20353	20355	240.6273541
20353	20356	290.0767836
20354	20357	269.1467906
20354	20358	270.6432808
20355	20351	278.2194336
20355	20358	250.9561889
20356	15598	297.6748966
20356	20475	493.9905789
20357	20359	271.1303381
20357	20370	283.7759052
20358	20359	280.7258807
20358	20475	247.0354365
20359	20476	228.2740863
20359	20489	221.2643293
20360	20361	244.0237946
20360	20365	593.4035824
20361	20363	219.0802436
20361	20367	600.5084225
20362	20247	267.1376892
20363	20362	158.688571
20364	20363	95.6914782
20365	20357	227.548272
20365	20367	228.2687642
20366	20364	251.4050161
20367	20369	105.9445011
20369	20366	270.8383656
20370	20369	232.3069803
20475	20476	293.0532852
20475	20478	283.3324951
20476	20479	169.6331974
20476	20481	252.1283515
20477	20478	137.9294607
20478	20481	316.0331624
20479	20489	219.3824522
20481	20482	88.71875943
20482	20479	246.5349194
20489	20370	282.1701311
63191	15329	182.1546603
63211	15488	306.3505567
63241	15468	161.3053003
63247	87488	229.9786239
63250	12321	194.2883722
63251	12318	205.3453988
63258	69093	341.8370435
63284	15096	68.69351394
63287	63289	126.8885189
63289	63293	99.21211289
63293	63294	459.4043191
63294	63297	216.0803606
63297	14339	288.788853
63349	19984	121.3284843
63350	19983	118.2343
63544	12360	379.2905627
63586	12347	401.1223152
63587	12292	316.6511849
63780	12324	191.2293789
63781	63780	368.0744302
63928	106388	20.6706831
63943	84125	215.93111
63944	63943	175.2798211
63948	84122	132.7297679
64121	69117	251.3020538
64133	12242	688.2413286
64135	106980	519.8640865
64157	15334	161.6134678
64395	15411	303.8510473
64537	20222	107.5811721
64941	64942	29.52343034
64942	64943	439.4358898
64943	64957	64.50016323
64944	12352	78.11145761
64957	64944	264.4586515
64978	64979	246.434526
64979	15097	455.5150896
65250	95106	228.0294074
65998	20199	278.017394
65999	20199	53.77427457
66001	15166	136.800413
66001	15172	84.32975182
66005	15242	41.63195554
66022	15240	173.2376593
66023	15234	317.8796482
66024	15238	414.5943012
66026	15175	30.55930038
66059	20046	197.3223966
66080	15153	233.2434833
66080	15167	258.3762632
66083	15153	149.6209048
66084	15356	249.7215498
66097	15350	74.5319011
66097	66128	102.1133457
66098	15353	122.8410546
66128	66098	135.8681769
66273	15256	226.3607985
66290	15431	53.37605366
66521	15376	460.6963836
66521	15477	231.3657952
67581	15192	61.38474355
67584	15253	89.42451973
68717	84161	53.46637755
68720	12385	224.5900171
68720	12390	98.83140976
68726	12329	144.4893422
68726	12332	164.0407995
68728	63211	60.29257881
68739	12349	212.06595
68739	12350	30.91715206
69091	63258	339.8794657
69093	63284	295.4315888
69117	69718	150.7115429
69118	12358	117.5269361
69684	15447	122.7621682
69718	12359	55.28631465
69718	69719	74.2396053
69719	12354	708.445322
69762	15194	93.10115526
69765	15309	66.25816694
69828	20228	49.94778727
69829	20219	379.5174814
69829	69828	269.0052527
70574	15457	47.25481921
70574	105056	22.3212184
70788	12322	76.40876117
70788	70789	74.69999822
70789	12320	379.358826
71439	15437	554.2333637
71440	15565	482.6962877
71441	87733	35.68864096
71441	87972	62.13992738
71442	71441	45.3765302
71442	77913	52.00187096
71850	94894	339.403767
71862	15232	501.4493396
77862	95060	35.06882298
77862	95567	31.39213467
77862	95570	136.292949
77870	15462	40.38698771
77870	87554	113.8177565
77879	78336	50.8538155
77906	108875	149.9990887
77906	108877	123.2011202
77907	19991	41.55685892
77907	78679	265.9488302
77911	15199	49.83344851
77911	77912	291.9420096
77912	15200	66.28720135
77912	96185	241.6041371
77912	103288	255.9139918
77913	15574	41.51482285
77913	87733	69.30597991
77915	87659	43.65946478
77967	20087	33.40954683
77967	77968	325.4069538
77968	20088	34.2565786
77968	94336	189.8283642
78004	78739	102.4725776
78074	20013	32.91794509
78074	78075	243.4790037
78075	20071	29.22342758
78075	78271	238.933098
78081	20006	44.63010122
78081	78082	239.4456273
78082	78089	247.2353128
78089	20012	41.71031794
78089	78074	252.1546054
78099	87750	303.1371568
78230	15359	84.61949656
78230	78231	258.7461959
78231	15364	109.8931555
78231	106748	56.62535272
78255	15443	160.1584893
78256	78255	456.4724112
78259	77870	19.58901461
78259	101068	15.88036701
78271	20072	31.86733853
78271	77967	238.4693573
78280	15442	23.81338479
78280	87820	26.005272
78281	15462	61.91884401
78302	78303	643.7064678
78303	20005	43.22967031
78303	78081	467.1006614
78314	95472	81.51430889
78314	96179	279.4935354
78335	108876	145.5972988
78336	15198	215.6259283
78336	78335	176.1407454
78397	96183	230.9870646
78446	78280	30.69644431
78446	87775	503.5533048
78446	87820	34.66066391
78470	12412	367.2394513
78470	96184	156.4755497
78471	12402	394.02582
78471	96182	239.9522464
78510	88186	365.2223862
78547	87968	1826.825438
78611	15202	44.71037102
78611	77906	153.7704774
78623	78624	90.69330002
78624	87659	27.2003511
78624	87693	24.54580043
78656	15212	379.3238129
78656	78657	50.29119029
78657	88437	285.3463115
78666	78806	205.1130657
78666	87488	93.98016732
78671	12421	729.6040227
78671	95362	290.6675941
78672	15471	110.9312125
78672	63241	82.48610992
78679	19992	44.02930306
78679	78302	68.23629488
78708	15465	81.86259975
78713	15474	51.49154213
78728	87484	141.7894773
78739	87491	19.57207899
78739	87760	22.07044954
78740	78739	106.1844607
78745	95365	525.72708
78746	78801	251.6604494
78787	78547	61.69239201
78787	88234	23.6055127
78788	15211	381.8378733
78788	78789	21.22164206
78789	78656	22.53849115
78789	88155	405.4933338
78800	99967	197.1469448
78801	94803	242.9886035
78806	87488	240.6759439
78819	19989	249.771905
78819	95364	67.36218005
78820	19987	346.7347673
78820	78819	271.0924324
78823	20090	28.21858363
78860	99963	168.4240044
78861	87798	198.1040288
78862	78861	177.7058864
78863	63247	156.3417673
78884	78885	60.80560174
78885	15467	104.8205956
78885	87814	37.02788563
78891	78740	38.22469982
84085	84086	191.6412202
84086	95109	210.6855243
84099	95058	16.52449067
84099	95141	11.04809951
84100	15148	85.80016218
84100	68720	80.27947482
84118	77862	37.68694075
84118	84085	366.570997
84119	12374	599.1616849
84119	95127	30.40116987
84121	84366	361.3770141
84122	12364	30.88489413
84122	95072	31.65726199
84123	84331	897.6002837
84124	94878	506.4562662
84125	95074	254.3422259
84136	88211	304.6797674
84137	108049	77.62470548
84161	15147	39.34150478
84161	15148	77.35382004
84171	96198	29.72152252
84172	95070	112.5711926
84173	84172	136.0848173
84292	77862	33.57816306
84292	84118	15.02988946
84293	84171	213.9846809
84331	94887	1104.415159
84345	96580	1793.332472
84346	108051	93.21578297
84347	108494	245.0264433
84365	78656	126.0501126
84366	96196	109.968664
84387	15572	37.78843638
84387	78787	222.7978402
84398	15573	52.184206
84398	87972	173.1639201
84425	94941	96.03332475
85360	94942	1147.042594
85361	85360	94.28021561
87473	15366	123.0921877
87473	78863	89.54048477
87484	15360	19.12961322
87484	87486	269.482853
87486	15362	15.34465321
87486	106747	52.6408282
87488	78891	124.6265623
87488	87794	34.84942261
87490	78004	88.8366892
87491	87750	296.389909
87544	87558	42.14979117
87554	15455	131.0092165
87558	87562	35.45205501
87562	101070	75.04720445
87658	78713	277.0995441
87659	78708	60.34963815
87659	78885	65.96994181
87668	78884	583.3940873
87668	87670	66.25057705
87669	15443	75.51708114
87670	87669	31.95145407
87691	77915	273.8641829
87691	101062	138.4239718
87693	87691	295.4391064
87695	15460	64.69499372
87695	77870	80.81957775
87695	101064	41.01859407
87719	15565	445.8473073
87719	71442	187.4862213
87719	101046	41.47276995
87733	15575	25.77449934
87733	87972	46.19159953
87750	87852	139.3360499
87750	101061	137.5499014
87760	15461	18.01898336
87760	78099	12.37442414
87775	15464	87.54010946
87785	87760	110.2843586
87788	87785	19.11119432
87791	87788	33.36439024
87794	15454	28.88802884
87794	87791	97.77956244
87797	87794	22.89644454
87798	15454	47.55651413
87798	87797	21.77922735
87801	101075	121.1341649
87814	15465	81.19343217
87820	87738	30.5070451
87820	101054	448.4500936
87852	87691	137.4998476
87852	101058	202.4691155
87972	15578	31.9177454
87972	88232	23.30409662
87972	88722	19.42488788
88155	88157	228.9234514
88157	15218	33.52567661
88157	88666	86.95243762
88181	88189	367.7102411
88186	15303	10.61876558
88186	84137	592.5115498
88189	84346	584.8843372
88197	15303	366.2214153
88211	108492	249.0855094
88223	15573	396.3927456
88223	84398	363.2831213
88226	15571	678.1315027
88226	88718	295.6278333
88434	15209	275.6264229
88434	78788	55.49046351
88435	88197	136.9206896
88435	88672	38.12747345
88437	88438	304.1618462
88438	15218	37.48561394
88438	88439	163.402084
88439	88441	560.8748372
88441	88189	67.59361976
88666	88435	167.4023258
88667	88672	129.0918943
88669	88674	167.1139315
88672	15226	180.8150355
88672	78510	172.8242791
88674	88181	139.5156996
88675	84347	305.1411589
88697	78789	120.5678276
88717	88223	117.967737
88718	88721	119.6245679
88719	15572	352.7241572
88721	84387	318.9868052
88722	15578	22.46061275
88722	78787	17.7854683
88790	88717	300.6179669
94336	20094	330.4423047
94336	78823	48.37573744
94341	78823	30.63828116
94503	20103	31.47877694
94506	20103	27.6886002
94507	20104	49.19688991
94507	94503	85.3631214
94508	94507	108.1120078
94509	20105	82.90233255
94665	95696	42.57803465
94665	95941	44.45259797
94687	94690	68.90430694
94690	15148	436.6606802
94800	78800	332.3642922
94803	94805	237.7586284
94805	94800	238.5674482
94846	94957	98.15813794
94877	94963	242.0365178
94878	94877	427.4597425
94887	71850	835.552824
94894	94924	174.8795164
94924	63948	70.96449964
94941	94943	1169.04476
94942	94944	531.9043447
94943	94945	463.1470872
94944	94947	405.4764519
94945	94960	465.3294251
94947	94969	251.5749899
94948	94953	898.1659508
94951	94952	922.5288886
94952	94956	1096.864557
94953	94955	1104.597323
94955	94958	826.1383641
94956	94959	843.3022709
94957	84124	1153.504962
94958	84173	334.5675042
94959	84293	345.8638846
94960	94964	249.2294055
94963	84123	200.9842908
94964	94951	181.4898538
94969	94948	182.2311424
95053	65250	134.2698018
95058	12384	12.26012151
95058	84292	19.06781494
95060	84292	12.02042421
95070	95072	109.521806
95072	84121	151.5707447
95072	95077	31.91702116
95074	12364	44.92867579
95074	95115	36.29193293
95077	15119	174.7349343
95077	95127	38.66716765
95083	84161	344.6810422
95085	84100	346.6099517
95106	95115	215.8918006
95109	95118	287.3753904
95115	84119	44.27341846
95115	95085	565.0966418
95118	84122	39.36060121
95118	95074	37.28217361
95127	95083	623.1033079
95127	95131	199.7655297
95131	95199	269.039758
95139	84099	11.89186955
95139	95338	18.36404285
95141	12384	16.27290826
95141	12385	33.50646203
95141	95053	393.2687831
95198	15122	155.556646
95199	95200	146.7728737
95200	15126	308.2767262
95200	15132	383.3800159
95230	95231	150.5548146
95231	95233	153.0392818
95233	95200	14.48666042
95338	95058	12.41487526
95338	95060	18.36382649
95340	95584	62.23516339
95342	95585	60.56453369
95362	77879	215.3424348
95364	78745	548.6138681
95365	96187	238.4627461
95429	94687	378.3594793
95469	100060	140.4510303
95470	95469	258.8878057
95470	95550	51.05092245
95471	106393	15.27243617
95472	95552	41.0009005
95476	106394	12.15231081
95550	12377	293.1002602
95550	95551	259.5541887
95551	95597	133.9230111
95552	12399	146.641555
95567	12386	144.6727383
95567	95569	47.9733677
95568	12377	547.5785337
95568	95594	135.62714
95569	95568	43.21162466
95569	103460	144.9226425
95570	12386	32.04147094
95570	103473	182.9050812
95571	12391	27.83889698
95571	95576	146.9308303
95571	103461	113.98912
95572	95713	11.69102346
95572	95765	97.03792222
95572	104223	88.89229437
95573	12405	43.40454483
95573	78314	40.59965955
95574	95573	36.26812496
95575	95060	118.9909338
95575	95570	20.39757697
95576	95575	452.5309671
95577	95338	116.2017659
95577	95575	18.96930155
95578	95577	450.9375079
95580	95582	449.7510211
95581	95571	35.34659245
95581	95578	144.5544498
95582	95139	113.7681331
95582	95577	14.40654769
95583	95580	146.1136308
95583	95581	45.39786595
95583	96177	110.7029021
95584	95586	37.99534555
95585	95586	41.60077613
95586	95582	37.98460943
95586	95903	179.1803775
95593	95583	150.6377974
95594	95550	210.9211633
95597	95476	133.9221638
95598	95599	62.86130239
95599	95586	37.01123545
95696	95697	288.08427
95696	95933	42.21980838
95697	95699	354.6034267
95697	95931	37.15896209
95699	95932	30.59372256
95699	96175	126.6946861
95711	15152	133.5635549
95711	94665	135.9205494
95713	95714	23.42830706
95714	12404	52.87999105
95714	103464	132.6638553
95759	95572	21.91705607
95762	102799	32.65045503
95762	104223	62.38333264
95765	15152	22.36904346
95765	95935	17.78689634
95903	95593	263.0258185
95914	15180	44.24288087
95931	15177	20.29247801
95931	95933	283.4235108
95932	15179	30.59510837
95932	95931	357.910406
95933	12405	17.29290051
95933	95941	23.00840295
95935	104222	42.83965587
95935	104224	47.58419964
95941	12405	34.20623174
95941	15152	132.7904132
95947	15180	38.83426251
95947	95951	221.8357259
95951	15195	40.68658129
95951	15196	195.0144069
95951	78397	185.8794209
95963	78671	691.0279443
95963	95964	161.8764071
95964	96016	153.251731
96008	15202	56.36794931
96016	15199	669.0580163
96017	77911	650.329071
96174	78471	20.77527863
96175	95947	20.51603762
96177	95762	36.44959154
96178	95552	54.79485897
96179	96181	361.08992
96181	96174	106.2203684
96182	78470	239.9514248
96183	96017	146.8522805
96184	95963	138.9059407
96185	78611	52.74084562
96187	78746	248.9433389
96196	84365	322.6146908
96198	95118	164.1268986
96582	20018	956.6688033
96584	84345	956.0255928
96595	20221	56.42145848
96595	96596	43.39158241
96596	20226	30.40660529
96596	64537	63.24561138
98789	95571	150.6819194
99733	69118	65.37561625
99960	78860	60.88198267
99963	15354	202.8702712
99963	78728	35.5820205
99963	99964	39.84933676
99963	101736	108.4910223
99963	102702	26.93396499
99964	78230	148.8218325
99967	84260	20.21015789
100060	95471	128.1122096
100521	78862	24.58649163
100562	87852	137.4724815
101045	77913	77.47761475
101046	101045	36.01561591
101053	87719	29.35947327
101054	101053	28.33155411
101056	15442	35.37833697
101057	78280	37.38179089
101058	101056	71.74066505
101060	101057	77.64219062
101061	101060	200.5145329
101062	87668	200.9130855
101063	100562	300.5813849
101064	78623	38.77851249
101065	15460	15.58115178
101066	101065	38.13505429
101067	101066	85.46047639
101068	87695	74.00654043
101069	15454	24.43071339
101070	78259	27.83919068
101071	87798	61.1282266
101072	15450	34.75478525
101073	101071	30.41765539
101074	101072	43.40537125
101075	101073	44.01912601
101079	87544	135.7440653
101080	101074	119.8736744
101736	78860	160.1285567
102597	102601	17.31163776
102599	102602	27.15185829
102601	102603	30.21976213
102602	95574	135.152752
102603	102604	132.9831487
102604	96178	31.08427269
102702	15360	148.4820944
102798	104224	40.32032167
102799	95429	39.89099796
103288	15202	53.52010112
103460	95470	198.756844
103461	95759	31.66326402
103463	103469	29.63334634
103464	95573	28.74855137
103465	103466	26.32148182
103466	103463	137.1470948
103469	95472	50.12996829
103473	98789	265.1612061
103682	103683	119.5321545
103683	19984	39.97290053
103683	103684	259.8709496
103684	19986	39.96280679
103684	103685	261.7655833
103685	19988	40.13732203
104222	15149	477.1867925
104223	95765	17.88621372
104223	102798	17.6058796
104224	15154	431.3974911
104237	87719	52.35116468
104507	12341	195.8783032
105049	105050	27.20563338
105049	105051	29.83996559
105049	105057	31.34963293
105050	15456	83.53951621
105051	105052	85.65648576
105052	70574	24.9662512
105052	105063	26.61978568
105053	105054	21.39686325
105054	78739	66.13202393
105054	105055	78.23873901
105055	69684	25.98932716
105056	15458	41.52490548
105056	105059	24.39621176
105057	105058	84.94390016
105058	15456	12.00152469
105058	105056	42.10258409
105059	105060	22.78482579
105060	15459	14.83326339
105060	105061	83.02255879
105061	69684	24.28033708
105062	69684	20.06423301
105063	105053	46.16038043
106388	12404	20.66661148
106389	103465	19.9073105
106392	94665	22.96193063
106393	106389	15.2694027
106394	102597	12.15142835
106746	15367	51.30696789
106746	100521	60.80432639
106747	106746	49.07464315
106748	87473	38.24076514
106980	12242	339.0330222
108049	84136	503.5687498
108050	64395	502.298063
108051	88675	498.3289037
108492	88790	262.5155268
108493	15425	232.3058158
108494	88226	261.5041415
108678	19966	198.8813486
108679	19965	199.3887045
108875	19991	157.3169896
108876	78820	145.5967694
108877	77907	165.0429592
